0	23969.2988	36526.6133	44169.4414	252040.891
60	23969.0234	36558.4141	44165.2617	252350.687
120	23967.0723	36528.6523	44188.1914	252243.422
180	23962.6348	36535.543	44178.7773	252234.328
240	23972.1914	36552.9805	44177.668	252331.031
300	23966.2793	36538.7656	44177.9063	252583.219
360	23970.8477	36543.3398	44172.8945	252405.922
420	23967.916	36550.6602	44166.4102	252226.938
480	23966.7441	36533.6953	44171.6914	252399.313
540	23960.6504	36546.2031	44172.0508	252539.219
600	23965.9922	36533.332	44175.6016	252565.625
660	23965.4063	36512.7773	44173.1641	252523.063
720	23966.6309	36540.9727	44168.9687	252651.031
780	23967.5957	36511.5078	44167.6797	252732.859
840	23961.2949	36545.7578	44178.8398	252764.672
900	23961.8027	36553.8047	44170.0195	252664.531
960	23952.625	36524.3516	44159.293	252690.875
1020	23966.584	36562.75	44172.4844	252752.313
1080	23970.0117	36550.6953	44173.7578	252888.234
1140	23958.4082	36538.3203	44168.6094	252814.453
1200	23953.2207	36551.5586	44163.3789	252771.5
1260	23958.3867	36557.3164	44167.4219	252848.375
1320	23957.168	36548.1836	44162.3359	253037.281
1380	23959.8281	36569.168	44164.6133	252800.812
1440	23964.8086	36542.4102	44157.0078	252822.078
1500	23961.4785	36545.5664	44162.3398	252924.313
1560	23964.9492	36547.4922	44166.8984	252988.406
1620	23968.5742	36552	44176.1094	252806.344
1680	23969.543	36525.5352	44165.0977	252812.219
1740	23965.0391	36543.2852	44171.4492	253031.031
1800	23970.5723	36540.3203	44165.457	253145.25
1860	23969.6738	36533.9102	44169.7969	253008.797
1920	23972.7559	36548.9805	44175.4375	252896.891
1980	23968.2324	36564.0117	44175.0977	253016.281
2040	23974.084	36562.6875	44169.6289	253146.141
2100	23974.0664	36551.2656	44179.8164	253045.516
2160	23967.1641	36542.6953	44171.5312	252929.75
2220	23967.8594	36534.8711	44177.707	253148.187
2280	23970.0312	36545.4297	44173.7422	253209.906
2340	23975.3535	36565.5547	44177.0352	253263.5
2400	23970.9785	36565.5898	44189.9648	253120.875
2460	23968.8437	36546.6992	44177.0078	253171.578
2520	23966.0273	36547.0234	44163.0195	253391.016
2580	23975.5176	36559.2617	44168.7227	253341.031
2640	23952.6152	36549.707	44167.2891	253182.328
2700	23963.7715	36554.332	44161.207	253314.547
2760	23963.5859	36578.1797	44169.3281	253398.266
2820	23965.0215	36563.8203	44178.3242	253556.031
2880	23952.3926	36559.793	44172.6172	253378.344
2940	23958.7871	36538.0313	44167.2422	253434.5
3000	23949.7051	36567.6523	44160.8984	253555.125
3060	23963.4727	36531.6836	44175.7813	253676.859
3120	23955.0645	36519.8867	44167.3867	253507.797
3180	23954.9785	36519.7852	44163.4063	253553.406
3240	23954.3418	36536.875	44163.5391	253676.359
3300	23951.1348	36546.7969	44178.1055	253814.859
3360	23952.8125	36534.3398	44178.1172	253700.344
3420	23951.5977	36538.2422	44171.6914	253656.469
3480	23951.9316	36515.6445	44163.5586	253774.734
3540	23951.5625	36529.8672	44177.2148	253941.594
3600	23945.9102	36559.1758	44176.5586	253820.453
3660	23946.2363	36535.082	44177.4414	253743.172
3720	23945.1484	36541.1367	44182.9297	253829.172
3780	23950.5488	36536.2227	44186.6367	254132.188
3840	23945.666	36527.5938	44179.668	254004.25
3900	23940.334	36554.6875	44175.4375	253899.75
3960	23936.5859	36515.2773	44166.5742	253928.109
4020	23938.0117	36536.8828	44168.4922	254123.422
4080	23934.668	36515.2344	44179.0469	254080.672
4140	23936.6738	36522.9453	44166.6602	253954.906
4200	23937.332	36531.6484	44167.0547	253944.156
4260	23944.0742	36562.543	44169.293	254159.484
4320	23942.6211	36565.5156	44170.5234	254290.047
4380	23940.9434	36540.2148	44171.0508	254061.734
4440	23941.25	36546.4688	44164.3125	254124.375
4500	23940.3281	36549.7891	44164.2227	254211.281
4560	23948.2383	36529.9492	44169.25	254303.203
4620	23946.4238	36524.7578	44176.9531	254249.844
4680	23937.8301	36557.1992	44162.3906	254205.734
4740	23940.9355	36552.918	44169.3984	254301.813
4800	23947.6562	36531.2148	44171.9922	254430
4860	23931.3203	36558.1406	44167.1211	254359.453
4920	23937.1934	36533.9805	44169.2656	254355.75
4980	23942.0254	36546.4336	44160.7383	254515.563
5040	23933.9609	36541.6563	44172.5586	254670.781
5100	23941.1074	36554.8008	44170.2266	254488.234
5160	23940.7637	36552.0938	44162.2852	254345.141
5220	23945.8047	36541.4648	44165.7305	254549.578
5280	23947.5605	36562.5273	44164.4102	254588.719
5340	23945.8223	36550.3555	44174.0273	254509.688
5400	23940.9395	36551.6758	44172.9727	254478.906
5460	23941.9629	36548.7578	44167.3633	254556.344
5520	23944.1738	36541.293	44174.5508	254583.203
5580	23942.541	36564.1602	44170.2891	254516.719
5640	23941.8477	36550.3242	44168.457	254493.438
5700	23939.7129	36556.4063	44173.5469	254627.484
5760	23951.2676	36547.0586	44175.1602	254712.891
5820	23949.0156	36547.0078	44177.3008	254642.547
5880	23940.8281	36542.9648	44162.7461	254536.5
5940	23949.5898	36532.832	44161.2891	254665.359
6000	23948.9434	36561.0977	44174.6172	254828.328
6060	23944.6426	36535.5625	44172.6523	254679.578
6120	23950.5098	36553.5859	44161.918	254542.219
6180	23947.0176	36564.6094	44169.0938	254754.906
6240	23953.6426	36540	44168.4023	254762.625
6300	23941.7188	36556.4531	44168.6094	254726.047
6360	23945.7344	36552.5	44169.4453	254651.063
6420	23956.0117	36558.668	44162.6016	254745.578
6480	23946.6094	36547.0352	44162.4063	254831.688
6540	23956.2734	36560.9687	44160.9375	254785.766
6600	23950.2695	36544.6133	44163.0156	254700.156
6660	23952.0742	36516.668	44167.8125	254789.703
6720	23953.6621	36536.1914	44170.8945	254817.562
6780	23943.7148	36550.6953	44170.9648	254764.313
6840	23939.8613	36564.6094	44166.8945	254700.813
6900	23945.2383	36555.582	44160.0898	254856.188
6960	23941.6777	36528.4883	44163.2695	255092.391
7020	23941.5879	36550.1836	44170.7773	254857.391
7080	23945.0371	36526.6914	44162.3672	254776.922
7140	23941.416	36565.043	44157.4727	255001.203
7200	23938.3477	36567.6016	44167.5742	255082
7260	23934.2461	36582.1055	44172.2773	254980.156
7320	23942.5645	36575.0547	44158.4687	254907.734
7380	23941.6211	36554.6094	44163.0234	255043.25
7440	23950.2598	36559.5312	44154.7539	255346.5
7500	23947.0215	36565.1602	44170.3438	255178.734
7560	23939.5098	36554.0586	44169.7344	255060.875
7620	23944.9141	36548.2852	44163.9648	255133.422
7680	23945.5664	36570.2578	44168.0273	255285.703
7740	23936.9473	36540.6562	44169.6523	255167.578
7800	23940.6523	36538.7188	44168.332	255033.984
7860	23941.7031	36519.3164	44160.293	255227.563
7920	23939.3555	36534.9922	44165.1172	255459.344
7980	23939.2754	36541.0156	44169.543	255305.172
8040	23942.8789	36524.7539	44172.0039	255168.062
8100	23947.3535	36517.6133	44175.7266	255302.563
8160	23945.8789	36539.8086	44163.3516	255385.406
8220	23947.6309	36522.4805	44180.4023	255391.203
8280	23955.3086	36519.5469	44168.2813	255347.672
8340	23956.9023	36515.3555	44170.9453	255393.75
8400	23958.416	36527.2617	44168.2734	255549.484
8460	23952.5156	36510.3945	44178.3867	255357.25
8520	23945.4199	36517.9258	44169.7227	255338.219
8580	23953.7676	36529.9648	44171.7031	255433.187
8640	23953.3047	36533.9297	44173.8984	255567.594
8700	23956.75	36503.9219	44176.1758	255448.484
8760	23951.8105	36510.9922	44169.8945	255347.922
8820	23957.7246	36525.6172	44170.9063	255560.531
8880	23952.3906	36531.2812	44167.4141	255708.109
8940	23948.4902	36529.7695	44176.3047	255580.172
9000	23941.6602	36526.3984	44166.8555	255444.656
9060	23950.6328	36530.7266	44168.5508	255573.438
9120	23950.2793	36515.6953	44171.0234	255630.766
9180	23947.0449	36517.5859	44173.4336	255617.141
9240	23947.5879	36509.5156	44173.5	255453.656
9300	23951.8809	36510.9844	44169.5391	255626.484
9360	23950.125	36511.1367	44169.293	255646.344
9420	23943.1348	36516.3008	44167.8164	255621.625
9480	23953.332	36505.6445	44162.918	255566.703
9540	23944.9766	36494.8008	44167.5625	255776.078
9600	23945.0977	36522.8555	44170.7578	255813.594
9660	23944.2637	36519.25	44175.0391	255715.766
9720	23954.6484	36516.457	44169.0977	255742.875
9780	23957.7109	36503.9766	44158.3086	255857.875
9840	23950.5625	36510.5508	44169.3203	255913.516
9900	23953.0332	36514.7148	44178.582	255802.281
9960	23945.2812	36506.207	44169.457	255769.594
10020	23949.4785	36515.6914	44163.1133	255998.031
10080	23952.9316	36522.4297	44181.8242	256038.344
10140	23935.6953	36498.043	44169.7305	255933.156
10200	23951.8555	36511.6602	44173.4805	255885.547
10260	23957.043	36520.6758	44166.9805	256118.109
10320	23945.7363	36517.8047	44171.8281	256046.641
10380	23940.7207	36523.2773	44164.4883	255905.766
10440	23938.1914	36503.9883	44165.7695	256092.813
10500	23947.8555	36518.3945	44161.9922	256212.953
10560	23939.3477	36515.2813	44174.4102	256154.266
10620	23938.7793	36507.5625	44164.0195	256046.547
10680	23935.9336	36498.0547	44159.5039	256150.313
10740	23939.0957	36508.8906	44163.2695	256348.953
10800	23937.2051	36508.1836	44167.293	256221.828
10860	23933.791	36493.2031	44160.6328	256231.438
10920	23934.3672	36489.25	44159.0078	256295.984
10980	23935.2012	36498.2109	44162.9336	256398.875
11040	23933.5156	36498.3984	44169.8359	256370.672
11100	23931.75	36505.4609	44158.2813	256261.328
11160	23931.4063	36490.8711	44164.7148	256489.75
11220	23928.4434	36500.5156	44165.1992	256588.688
11280	23933.2695	36488.6211	44152.6289	256474.234
11340	23925.6074	36509.9453	44163.5312	256406.828
11400	23933.9805	36514.1055	44163.3086	256637.422
11460	23926.8184	36509.7617	44155.5703	256671.563
11520	23929.0195	36500.707	44160.5469	256469.516
11580	23928.2754	36502.6992	44160.7031	256557.5
11640	23929.3066	36497.6563	44158.8438	256596.766
11700	23922.1484	36511.1133	44165.3633	256720.5
11760	23926.5156	36485.1094	44163.8359	256596.578
11820	23921.5957	36503.5156	44155.6758	256743.781
11880	23935.8926	36512.6094	44159.043	256892.266
11940	23927.7793	36508.6172	44165.2266	256704.578
12000	23926.9941	36506.3555	44167.7227	256693.969
12060	23931.4668	36497.2734	44161.1758	256865.172
12120	23928.0586	36490.6094	44160.2617	256831.859
12180	23931.3789	36481.2031	44161.6914	256770.984
12240	23926.7793	36509.668	44154.7227	256730.156
12300	23929.5059	36519.7266	44153.75	256897.719
12360	23930.0938	36512.4336	44165.7305	256980.687
12420	23928.8477	36511.3203	44152.3516	256796.203
12480	23928.6973	36508.1172	44146.2578	256919.719
12540	23928.5391	36522.1563	44147.3594	257038.25
12600	23925.8867	36509.5859	44162.1719	256940.016
12660	23917.1289	36501.8516	44163.0312	256909.734
12720	23918.9883	36500.207	44150.082	257037.094
12780	23920.0859	36506.2188	44150.3672	257075.594
12840	23927.3477	36492.1992	44152.9961	257067.578
12900	23917.2285	36473.707	44153.9219	257072.344
12960	23920.7754	36479.1055	44145.6797	257157.266
13020	23915.0938	36484.6094	44159.9414	257347.562
13080	23919.4277	36475.457	44145.0508	257252.25
13140	23922.4629	36486.3594	44143.0508	257169.391
13200	23915.7969	36467.2383	44152.9922	257414.094
13260	23910.3613	36497.7109	44158.4531	257381.313
13320	23901.5137	36472.9023	44148.9375	257193.953
13380	23905.9512	36470.1602	44143.8281	257264.688
13440	23908.0879	36456.4219	44142.0313	257476.313
13500	23890.1953	36484.0234	44147.6875	257425.984
13560	23888.7266	36447.5391	44136.8789	257345.734
13620	23887.4141	36468.9023	44131.4414	257376.016
13680	23892.6621	36484.3008	44144.3047	257556.406
13740	23874.5352	36454.5586	44153.0391	257461.969
13800	23871.2441	36517.4102	44135.832	257430.672
13860	23872.2598	36519.9609	44132.9727	257630.094
13920	23876.6484	36517.7891	44143.707	257567.734
13980	23867.916	36507.6094	44147.125	257565.672
14040	23876.7988	36513.0156	44129.457	257653.516
14100	23854.4941	36519.8906	44130.5898	257775.812
14160	23860.0898	36507.0781	44138.7227	257831.781
14220	23858.0449	36497.1602	44127.2227	257681.094
14280	23849.5527	36491.2148	44134.7578	257748.625
14340	23843.9668	36502.7305	44136.6172	257928.141
14400	23845.7949	36504.7812	44139.5586	257854.625
14460	23845.0723	36507.7422	44131.4258	257713.172
14520	23842.002	36486.6836	44127.5977	258025.297
14580	23844.8164	36489.7109	44137.0469	257974.625
14640	23850.1445	36477.7461	44133.3477	257868.719
14700	23853.4727	36471.6016	44127.8477	257942.984
14760	23843.8711	36481.1797	44126.6211	258073.734
14820	23854.9766	36484.1445	44130.7266	257945.391
14880	23853.2148	36461.5742	44123.6523	257865.344
14940	23859.6348	36446.9531	44123.3633	258076.547
15000	23858.1523	36438.8477	44143.0586	258036.156
15060	23855.7695	36412.3789	44136.1211	257948.563
15120	23848.7383	36416.6719	44124.0625	257998.859
15180	23847.4863	36431.1367	44123.918	258212.391
15240	23842.9063	36427.2852	44125.5195	257978.781
15300	23843.7383	36426.7266	44116.2148	258025.438
15360	23849.0332	36441.7656	44124.6797	258308.953
15420	23852.9395	36451.0664	44125.5742	258116.672
15480	23847.0039	36434.2773	44117.832	257997.344
15540	23849.7012	36475.2852	44126.7383	258272.953
15600	23851.3848	36455.9766	44126.0664	258215.609
15660	23844.7598	36455.1719	44129.2031	258130.641
15720	23845.5605	36447.7891	44127.4102	258153.094
15780	23849.4531	36438.8281	44133.6562	258318.641
15840	23839.1641	36424.918	44138.2539	258150.922
15900	23848.1191	36438.3477	44123.7148	258100.234
15960	23851.373	36466.2109	44129.2891	258141.109
16020	23849.7188	36451.7578	44134.0078	258247.813
16080	23848.5039	36437.5742	44135.0859	258120.641
16140	23850.4336	36448.1836	44128.9805	258148.719
16200	23856.5742	36463.7578	44135.707	258366.906
16260	23855.959	36462.7188	44134.5742	258106.734
16320	23854.6211	36483.2656	44123.5234	258112.219
16380	23870.8613	36473.9062	44134.3672	258164.859
16440	23864.5996	36479.0547	44140.1094	258226.906
16500	23860.7187	36484.0313	44137.0937	257984.047
16560	23873.6426	36482.2969	44129.3867	258253.938
16620	23864.5332	36467.3359	44134.8008	258351.359
16680	23863.7402	36471.0586	44130.7578	258234.859
16740	23868.541	36482.7461	44142.6289	258247.938
16800	23882.9531	36482.4766	44143.1719	258357.125
16860	23876.7793	36494.3125	44145.7656	258010.406
16920	23881.8652	36495.4297	44141.3867	257983.937
16980	23880.7246	36518.7656	44135.1641	258130.187
17040	23870.6543	36493.7813	44140.5234	258141.922
17100	23876.7266	36476.0547	44141.1016	258023.625
17160	23878.1816	36466.8906	44122.5156	258156.422
17220	23881.0332	36494.4492	44134.1016	258167.266
17280	23872.4492	36447.957	44126.1992	258010.797
17340	23857.2305	36455.6172	44119.0664	258217.156
17400	23849.4687	36485.1172	44131.6758	258404.578
17460	23849.5332	36468.5977	44128.1641	258225.406
17520	23848.2539	36482.0625	44119.0195	258357.141
17580	23843.5742	36472.0273	44122.9844	258582.219
17640	23838.6953	36474.5	44124.3281	258519.953
17700	23826.625	36495.2617	44123.8359	258406.672
17760	23834.5469	36479.9844	44112.6953	258561.781
17820	23839.1758	36478.2383	44121.5547	258616.594
17880	23830.0547	36479.6094	44122.3711	258457.188
17940	23831.4746	36484.332	44107.3906	258659.875
18000	23827.2363	36455.5234	44112.0898	258717.344
18060	23821.2773	36440.8437	44121.0664	258694.453
18120	23816.793	36475.3398	44110.6055	258699.531
18180	23820.5645	36473.6797	44103.3828	258863.359
18240	23814.0117	36476.7422	44125.7656	258814.938
18300	23814.0215	36475.3281	44105.0312	258730.25
18360	23806.3066	36443.0352	44103.75	258920.969
18420	23807.8672	36472.1289	44107.3125	258991.156
18480	23797.8672	36439.2656	44118.8906	258721.234
18540	23803.9395	36450.7227	44103.9492	258958.359
18600	23797.0488	36456.1719	44109.7812	259006.328
18660	23791.9687	36436.8945	44111.3242	258833.484
18720	23801.9668	36441.1992	44104.5703	258949.203
18780	23785.3438	36449.9609	44106.6875	259237.391
18840	23791.2578	36441.7695	44120.5195	259110.484
18900	23786.0957	36448.3281	44102.8477	259091.141
18960	23783.4473	36451.1992	44104.0898	259256.453
19020	23785.1484	36436.7422	44105.0039	259178.516
19080	23787.5117	36447.8477	44110.332	259159.328
19140	23778.6367	36482.8945	44111.8867	259324.281
19200	23776.8437	36449.625	44111.2891	259222.25
19260	23783.2637	36448.9883	44097.8125	259180.656
19320	23781.375	36453.0703	44109.5469	259259.938
19380	23775.582	36422.8477	44096.3633	259125.984
19440	23787.1211	36429.5703	44096.6602	259398.953
19500	23784.4922	36425.3477	44093.8555	259479.766
19560	23774.9512	36414.2813	44107.6914	259297.172
19620	23768.0742	36407.3477	44096.4805	259502.484
19680	23762.0215	36435.1992	44099.2969	259553.953
19740	23763.459	36420.9531	44094.668	259387.422
19800	23758.1582	36427.8555	44083.5039	259596.688
19860	23764.0566	36441.0977	44097.1836	259625.672
19920	23757.1406	36426.8047	44094.8477	259513.531
19980	23750.5703	36435.2461	44082.9609	259713.812
20040	23746.4102	36417.5859	44091.9102	259781.719
20100	23745.7656	36416.918	44100.7617	259665.078
20160	23751.7012	36410.6328	44094.6367	259928.078
20220	23751.6836	36430.1094	44086.2383	259881.797
20280	23748.584	36405.4336	44096.6484	259803.078
20340	23750.5605	36407.082	44086.1875	259906.984
20400	23745.7109	36390.2773	44091.5352	259991.719
20460	23746.4922	36394.082	44087.3516	259887.5
20520	23748.7949	36398.4336	44077.1602	259992.078
20580	23749.543	36407.0625	44082.5117	260097.687
20640	23747.084	36397.7891	44085.0234	259916.547
20700	23752.7988	36413.7578	44086.793	260092.266
20760	23755.5	36407.1836	44095.625	260104.453
20820	23751.3301	36422.7734	44097.0508	259997.891
20880	23743.3848	36438.4102	44085.7578	260100.219
20940	23760.7051	36431.0547	44096.543	260125.609
21000	23759.1895	36420.1289	44089.9297	260018.859
21060	23751.2695	36394.207	44091.9648	260201.203
21120	23758.1055	36414.5664	44101.6367	260135.219
21180	23759.2285	36410.9648	44093.3086	259956
21240	23763.3066	36413.3945	44095.4688	260133.25
21300	23769.9473	36415.3359	44096.8359	260134.656
21360	23776.1699	36410.1953	44091.6992	260009.437
21420	23767.3652	36415.7344	44093.9453	260198.469
21480	23774.3086	36440.9727	44097.5703	260140.219
21540	23768.4883	36410.6836	44090.1484	259947.109
21600	23773.4395	36428.4453	44099.5508	260269.359
21660	23390.8594	36004.1602	43912.9219	252435.156
21720	22735.5957	35238.6875	43477.7344	235526
21780	22318.502	34734.2578	43106.0977	230933.078
21840	22107.1992	34412.4414	42798.6836	228593.078
21900	21689.8398	33869.4531	42286.9258	220725.359
21960	21305.7344	33338.3828	41729.5234	214320
22020	20933.6523	32812.8281	41086.1289	209051.734
22080	20605.2188	32342.4531	40475.4805	205282.172
22140	20337.8105	31924.0566	39883.4609	202470.594
22200	20108.9434	31569.3203	39339.4531	200574.672
22260	20576.4746	32115.5508	39733.0469	215550.984
22320	20958.377	32564.3633	40066.7227	225040.969
22380	21257.6504	32921.0742	40342.7539	231979.719
22440	21491.8945	33240.1562	40585.5156	237203.828
22500	21694.1035	33461.5938	40794.2266	241298.141
22560	21866.7676	33675.2148	40965.3789	244749.109
22620	22015.7715	33862.6797	41121.8594	247705.547
22680	22144.8945	34045.3242	41281.3086	250053.25
22740	22263.5625	34168.3906	41420.2227	252003.969
22800	22366.7539	34310.3555	41533.668	253593.078
22860	22465.6699	34419.5859	41650.6055	254993.328
22920	22543.625	34545.2891	41761.6797	256136.938
22980	22627.9297	34646.2773	41858.6914	257422.125
23040	22701.9766	34752.7031	41971.2578	258286.813
23100	22761.4707	34825.6055	42032.6289	258870.094
23160	22825.1621	34921.8359	42124.0156	259516.078
23220	22884.1309	35009.1055	42203.7148	260256.781
23280	22922.7715	35071.8672	42272.3203	260616.047
23340	22975.2012	35133.0039	42352.1445	260903.672
23400	23016.2539	35194.7109	42407.8672	261294.906
23460	23051.4688	35248.6328	42471.9063	261719.281
23520	23080.6348	35286.7344	42535.9766	261863.609
23580	23110.3535	35343.668	42586.1172	261892.125
23640	23145.0352	35385.4297	42631.8711	262128.813
23700	23174.7656	35453.75	42672.1602	262260.25
23760	23190.4766	35461.6094	42726.5	262369.031
23820	23207.666	35476.6914	42766.2344	262408.719
23880	23235.1035	35532.2109	42807.0195	262410.375
23940	23253.1543	35563.043	42846.0547	262716.438
24000	23273.5762	35578.8086	42877.7773	262791
24060	23285.6055	35607.4766	42919.6172	262770.094
24120	23301.1152	35647.0938	42954.5156	262600.875
24180	23321.4961	35669.0469	42985.7969	262826.563
24240	23331.084	35703.2539	43016.6523	262971.375
24300	23349.5078	35717.7578	43063.3516	262795.187
24360	23356.877	35738.293	43089.832	262693.156
24420	23376.1934	35760	43105.0469	262642.406
24480	23394.8203	35780.8281	43140.2969	262702.219
24540	23399.0859	35824.1211	43177.6875	262784.687
24600	23411.1328	35848.3672	43188.0039	262650.094
24660	23424.1895	35840.1094	43223.6836	262647.344
24720	23428.6895	35883.5312	43231.8555	262579.656
24780	23446.4902	35891.1523	43268.3906	262695.219
24840	23458.0098	35892.8359	43301.0469	262504.063
24900	23469.9336	35912.793	43306.543	262413.406
24960	23489.6719	35936.125	43326.8438	262523.406
25020	23495.1738	35974.457	43349.4609	262587.844
25080	23502.1992	35986.8359	43379.2891	262476.75
25140	23518.8105	35983.4805	43391.7383	262285.312
25200	23528.1191	36022.3789	43419.7227	262329.5
25260	21813.3496	33973.9609	41789.2656	219050.109
25320	20675.0723	32456.7754	40220.5625	206380.031
25380	19835.5879	31284.2441	38769.6719	195971.547
25440	19236.7109	30398.752	37538.3047	190002.797
25500	18791.0742	29717.1289	36512.1016	185921.031
25560	18443.7949	29204.9316	35657.6133	183244.172
25620	18167.5977	28758.6602	34943.7852	181342.734
25680	17942.6953	28385.3379	34336.793	179924.516
25740	17756.5898	28081.123	33816.0742	179019.25
25800	17610.4199	27820.2227	33374.2422	178743.297
25860	18368.1191	28758.0293	34217.1016	198334.375
25920	18976.6016	29512.9473	34903.0703	210010.469
25980	19435.8477	30085.8984	35464.8086	218282.922
26040	19817.0078	30568.7539	35953.0195	224767.016
26100	20145.3535	30983.7773	36375.1289	230258.906
26160	20431.6211	31341.1621	36760.5703	234780.297
26220	20674.1758	31677.7637	37101.0312	238591.094
26280	20888.2363	31956.6797	37417.4961	241492.562
26340	21083.3555	32234.4805	37707.8359	244467.078
26400	21250.252	32461.8223	37978.4258	246848.172
26460	21407.4336	32674.5371	38234.8438	248775.406
26520	21543.332	32867.1797	38463.3672	250443.203
26580	21668.3047	33023.4648	38684.1172	252145.172
26640	21789.0488	33227.0352	38893.1484	253548.703
26700	21893.293	33381.3633	39084.0664	254532.672
26760	21987.6172	33523.6406	39265.8867	255516.937
26820	22073.1094	33623.8359	39439.168	256606.484
26880	22153.8867	33759.3477	39602.6992	257452.094
26940	22232.2422	33843.5117	39748.5391	257980.766
27000	22302.3125	33983.0352	39897.4219	258541.547
27060	22364.168	34078.8984	40029.2266	259150.5
27120	22416.7988	34168.5898	40171.6875	259614.422
27180	22477.9375	34240.1602	40291.9922	259906.141
27240	22528.8652	34337.332	40402.1953	260290.844
27300	22578.6738	34437.8477	40518.0273	260741.969
27360	22630.6738	34516.8672	40640.7266	260890.172
27420	22679.8945	34574.4375	40738.2852	261032.344
27480	22722.7168	34638.6367	40842.1016	261360.656
27540	22771.0078	34705.207	40942.7539	261594.359
27600	22799.3633	34747.7773	41040.4336	261621.875
27660	22844.7207	34827.9805	41120.5352	261760.406
27720	22871.7324	34878.6797	41214.4102	262070.469
27780	22900.748	34914.1328	41294.9258	262065.125
27840	22931.9277	34970.207	41367.1875	262019.594
27900	22962.3555	35018.6445	41458.2227	262239.187
27960	22984.2988	35072.4844	41518.8594	262322.531
28020	23010.4004	35107.1953	41587.5039	262195.656
28080	23039.2715	35136.0195	41655.9609	262264.313
28140	23057.8594	35214.832	41720.7305	262420.219
28200	23072.8945	35237.2305	41788.9844	262444.781
28260	23090.9629	35226.1055	41838.1602	262476.656
28320	23106.5742	35284.7852	41893.418	262523.781
28380	23125.2773	35341.4063	41956.6055	262632.875
28440	23137.5957	35358.582	42015.7031	262440.25
28500	23155.7031	35369.5977	42060.6562	262456.594
28560	23163.541	35441.3555	42099.1914	262673.563
28620	23173.9258	35459.7695	42144.4375	262404.719
28680	23184.2168	35493.418	42194.9805	262384.625
28740	23195.9492	35491.9805	42244.6328	262552.969
28800	23203.9609	35531.6445	42287.7617	262480.812
28860	19968.8203	31486.2383	38398.5039	199170.906
28920	18372.0508	29263.7578	35639.0898	182452.828
28980	17549.2402	28020.4883	33829.3828	175655.062
29040	17025.748	27196.873	32582.5098	172007.234
29100	16676.9531	26629.1133	31679.1211	169818.125
29160	16420.0078	26204.8359	30986.3379	168373.531
29220	16222.1592	25865.0625	30447.0488	167553.312
29280	16063.7656	25617.6758	30023.248	167002.828
29340	15938.5342	25401.3945	29675.2773	166428.219
29400	15837.4678	25189.4492	29390.2871	166713.234
29460	16792.793	26405.3535	30512.2676	190104.359
29520	17519.6855	27334.1367	31393.0762	202895.297
29580	18077.9531	28055.8516	32114.2832	211949.891
29640	18534.7324	28639.3691	32725.9668	219029.75
29700	18934.0156	29152.3281	33270.3164	225088.094
29760	19266.6543	29602.6484	33758.3164	230148.859
29820	19563.5879	30003.9004	34209.5039	234047.969
29880	19825.1484	30363.9512	34614.0117	237527.937
29940	20057.4004	30696.9043	34981.8789	240714.766
30000	20267.3691	30988.0039	35335.3945	243300.375
30060	20451.9766	31239.2441	35664.0547	245406.516
30120	20627.4629	31509.709	35970.7109	247619.906
30180	20782.0508	31740.3086	36255.1641	249308.609
30240	20932.3164	31950.6465	36516.8242	250625.641
30300	21065.8008	32138.4199	36779.332	252186.891
30360	21188.2383	32350.2734	37027.25	253370.156
30420	21297.9707	32497.1816	37243.8711	254117.422
30480	21402.707	32656.4297	37455.9609	255338.359
30540	21499.4336	32826.0391	37672.3164	256139.406
30600	21593.1113	32955.2813	37863.9922	256702.406
30660	21678.1777	33080.4531	38049.6914	257462.219
30720	21748.1719	33218.2969	38233.7617	258048.359
30780	21835.1719	33328.0898	38398.0391	258474.672
30840	21904.4395	33456.2109	38555.9297	258751.953
30900	21964.1211	33561.2656	38722.4375	259317.828
30960	22021.9238	33644.0859	38855.6016	259466.234
31020	22076.5625	33740.3359	39005.9453	260053.641
31080	22135.1855	33838.3398	39142.2891	260362.687
31140	22179.5586	33918.9141	39276.1758	260393.781
31200	22233.8594	34025.1602	39406.7305	260718.594
31260	22280.7773	34097.9102	39528.5273	260917.953
31320	22322.9199	34148.707	39635.6523	260902.562
31380	22370.0469	34223.3477	39752.4492	261144.266
31440	22410.7539	34300.9805	39859.8164	261141.688
31500	22441.7559	34350.4805	39971.25	261255.625
31560	22485.5078	34396.8633	40068.4297	261437.422
31620	22520.166	34457.6172	40169.2969	261627.203
31680	22557.3457	34533.6563	40266.9883	261498.125
31740	22583.8418	34575.7617	40350.5195	261769.906
31800	22614.6074	34617.9062	40440.4805	262008.406
31860	22637.8105	34668.8555	40523.6445	261787.938
31920	22669.4629	34718.0391	40598.6758	261891.859
31980	22697.9785	34752.9961	40681.8945	262175.531
32040	22718.4395	34800.2109	40768.0977	262119.625
32100	22741.0176	34854.7891	40829.7656	261997.25
32160	22763.5508	34877.1641	40907.8633	262251.969
32220	22783.1074	34948.9531	40979.9883	262009.125
32280	22804.9375	34956.6172	41034.625	262161.219
32340	22826.9473	34987.7031	41102.0898	262329.875
32400	22834.4551	35034.7656	41168.8867	262507.75
32460	17603.8164	28199.4121	33840.6484	175506.422
32520	16098.6768	25992.6016	30770.9297	164029.484
32580	15403.2148	24890.0469	29136.1641	159490.906
32640	15002.8887	24225.5176	28140.7734	157122.672
32700	14726.4932	23771.1016	27444.7031	155745.125
32760	14532.5371	23440.7695	26945.125	155005.578
32820	14376.1631	23180.3848	26567.4648	154403
32880	14255.1338	22977.9785	26266.9648	154049.922
32940	14158.6729	22807.1055	26014.6465	153677.703
33000	14080.5469	22677.1816	25838.4766	154463.125
33060	15332	24247.498	27368.5996	183467.688
33120	16211.9922	25344.9277	28454.6367	197574.938
33180	16865.293	26221.998	29331.7949	207583.562
33240	17413.3125	26932.9277	30073.2344	215205.906
33300	17877.8125	27531.5137	30722.0977	221660.609
33360	18270.8398	28067.748	31318.6758	226892.625
33420	18613.0313	28553.4688	31845.3945	231150.797
33480	18930.6934	28985.4473	32330.6055	235037.75
33540	19200.5859	29365.625	32788.4609	238287.781
33600	19448.3105	29701.293	33212.9219	240737.625
33660	19669.4297	30023.5703	33594.4961	243035.625
33720	19872.1152	30333.8984	33962.4219	245549.719
33780	20061.209	30603.2051	34301.0625	247418.219
33840	20243.752	30867.1719	34623.4805	248735.797
33900	20393.4551	31095.2285	34921.3438	250147.469
33960	20545.9746	31314.8398	35220.3125	251635.625
34020	20681.9727	31523.8945	35494.6953	252437.219
34080	20811.2891	31713.0566	35749.1484	253440.875
34140	20932.4082	31873.1602	35996.6406	254508.125
34200	21043.5527	32063.1484	36242.3672	255128.359
34260	21134.5215	32231.3887	36457.1133	255851.344
34320	21235.3555	32410.8164	36664.8477	256558.641
34380	21321.8984	32529.9395	36880.9023	256966.125
34440	21410.8633	32656.9258	37068.0039	257312.531
34500	21487.4297	32785.4102	37257.3047	258033.516
34560	21564.8809	32920.5469	37435.7383	258565.219
34620	21631.2734	33040.6875	37615.8711	258628.188
34680	21704.5352	33160.2656	37771.2734	259076.375
34740	21761.2344	33246.0781	37947.0078	259370.875
34800	21815.4648	33345.1797	38094.9922	259501.391
34860	21881.3652	33448.1523	38237.1719	259808.391
34920	21943.9375	33535.332	38390.8555	260041.172
34980	21980.7598	33634.7773	38532.1328	259902.469
35040	22032.4336	33707.2695	38652.4023	259947.313
35100	22084.4414	33764.2188	38786.5195	260330.188
35160	22128.5215	33844.2422	38909.4961	260391.172
35220	22170.4395	33910.6875	39028.4648	260339.453
35280	22215.1562	33982.082	39141.0313	260584.219
35340	22249.5586	34056.3711	39268.0469	260567.328
35400	22292.209	34089.0859	39369.582	260605.266
35460	22326.4785	34185.5508	39484.0234	260929.031
35520	22360.1133	34233.7227	39583.2617	260718.937
35580	22391.625	34291.4375	39679.9922	260907.344
35640	22429.2383	34337.707	39777.1328	261010.281
35700	22446.2402	34401.2852	39866.8437	260911.297
35760	22477.002	34449.3125	39949.457	260943.438
35820	22517.709	34515.6094	40048.3086	261185.563
35880	22535.9512	34557.4648	40127.832	261059.172
35940	22563.4375	34582.0586	40205.4023	260942.688
36000	22592.1777	34628.2422	40285.6016	261231.859
36060	22607.7656	34674.082	40368.4414	261196.656
36120	22633.2871	34708.5078	40437.1914	261100.906
36180	22661.6074	34757.9805	40517.8672	261255.891
36240	22677.584	34798.6875	40582.4922	261340.625
36300	22701.0391	34804.4531	40656.5234	261207.797
36360	22723.9785	34840.7109	40718.2891	261311.281
36420	22741.1465	34908.3633	40783.7734	261350.625
36480	22759.3164	34937.7773	40859.0508	261374.891
36540	22783.0938	34934.5742	40911.1836	261183.203
36600	22798.6035	34965.6992	40962.5742	261333.438
36660	22813.6211	34993.3086	41023.1797	261455.672
36720	22822.9922	35027.2031	41081.1523	261275.844
36780	22848.6035	35026.0859	41124.1953	261214.656
36840	22860.3809	35058.3047	41186.3125	261294.266
36900	22865.3281	35113.9688	41243.3828	261261.031
36960	22881.125	35100.3906	41289.4922	261313.953
37020	22884.127	35151.0742	41339.4766	261434.109
37080	22903.9512	35188.7539	41383.957	261417.703
37140	22917.416	35223.0039	41431.543	261202.656
37200	22923.1836	35192.5937	41475.9961	261396.906
37260	22939.0684	35221.3008	41520.6445	261472.625
37320	22948.4766	35235.2773	41561.7461	261332.922
37380	22955.9785	35250.168	41593.793	261249.953
37440	22965.5801	35285.9258	41646.1289	261553.109
37500	22966.4219	35305.3203	41680.8984	261417.109
37560	22989.2852	35301.3555	41716	261356.938
37620	22989.8105	35333.2852	41749.5273	261458.5
37680	22994.8164	35371.0117	41787.7422	261511.891
37740	23006.4863	35355.4375	41825.8672	261348.438
37800	23018.1953	35389.7383	41858.4727	261535.234
37860	23017.6348	35412.8516	41903.9219	261621.453
37920	23039.123	35429.3438	41935.4648	261544.75
37980	23053.0742	35448.6758	41968.1758	261518.828
38040	23059.3809	35454.3359	42009.6055	261705.531
38100	23074.7891	35449.0625	42034.3516	261586.531
38160	23082.459	35479.7266	42066.1641	261506.563
38220	23097.7812	35529.9883	42104.0859	261513.062
38280	23105.2324	35542.0469	42142.1797	261491.219
38340	23122.2773	35514.7422	42168.875	261327.297
38400	23132.1406	35540.6445	42204.8516	261548.969
38460	23137.9121	35572.8438	42225.418	261734.031
38520	23146.5684	35569.3398	42267.6719	261588.672
38580	23165.748	35605.2422	42291.2461	261673.703
38640	23173.7305	35618.9219	42320.9687	261714.094
38700	23176.0234	35610.2539	42348.8125	261584.391
38760	23193.8672	35617.2695	42372.9844	261591.547
38820	23201.623	35629.0234	42404.0898	261738.938
38880	23219.6445	35633.7734	42427.6094	261637.984
38940	23227.3379	35644.7813	42445.4023	261555.141
39000	23226.4668	35666.1562	42483.2852	261846.766
39060	23239.0957	35691.168	42508.4023	261684
39120	23248.877	35696.7305	42518.5781	261690.219
39180	23260.6016	35716.6602	42536.3555	261826.344
39240	23261.5762	35742.7617	42568.2695	261689.734
39300	23278.1934	35762.6211	42594.8281	261709.234
39360	23278.291	35767.2734	42604.6094	262010.703
39420	23283.8379	35759.8945	42626.8359	261829.484
39480	23303.0527	35760.9844	42656.2969	261880.531
39540	23304.6953	35775.668	42684.543	261946.062
39600	23316.7891	35801.1992	42698.6094	261748.828
39660	23325.0156	35817.7578	42716.957	261664.969
39720	23325.2246	35828.4414	42744.0078	261961.016
39780	23334.0762	35835.1914	42763.8125	261858.578
39840	23341.5859	35823.5273	42774.4727	261945.625
39900	23341.0137	35850.5977	42799.4805	262104.938
39960	23350.8926	35880.7852	42811.207	261947.359
40020	23359.5039	35861.2734	42833.2344	261751.375
40080	23367.8262	35882.9063	42849.4727	262088.328
40140	23367.7246	35914.2461	42871.8437	261962.406
40200	23388.4805	35866.5195	42892.8633	261839.688
40260	23395.1328	35898.8086	42905.2031	261944.516
40320	23398.6719	35912.7383	42924.0898	261914.016
40380	23405.0195	35928.5781	42941.4883	261947.906
40440	23414.748	35918.3555	42954.793	261898.453
40500	23416.5703	35937.1836	42963.7656	262104.359
40560	23418.0898	35921.7617	42997.6758	261953
40620	23425.7813	35931.8437	42998.6484	261926.672
40680	23434.293	35918.2773	43012.2734	261962.047
40740	23441.25	35967.043	43033.3516	262055.656
40800	23438.7188	35938.7188	43043.3086	261736.734
40860	23452.3398	35961.0977	43053.5625	261924.656
40920	23465.7734	35969.4688	43075.918	262026.719
40980	23466.3418	35957.25	43096.9766	261972.844
41040	23466.9199	35964.9414	43100.0742	261839.984
41100	23468.4316	35993.4219	43110.5156	262019.031
41160	23481.793	35989.7031	43130.5742	262106.922
41220	23474.1426	36010.2813	43139.5195	262026.047
41280	23490.8535	35983.5547	43149.5273	262081.797
41340	23503.6426	36021.5898	43158.3555	262110.281
41400	23498.7539	36027.1523	43179.3633	261803.375
41460	23501.8496	36004.1406	43189.2305	261823.797
41520	23504.1602	36028.0352	43181.4258	262043.5
41580	23508.8887	36017.4922	43215.8711	262112.188
41640	23519.5156	36033.0391	43224.207	261916.516
41700	23527.1035	36026.9922	43219.4336	262018.547
41760	23528.8242	36040.8672	43230.832	262233.469
41820	23530.7734	36075.5547	43251.2344	261968.859
41880	23539.832	36072.3438	43268.0352	261987.859
41940	23546.2363	36071.6094	43266.3047	262083.625
42000	23545.3105	36059.4375	43286.957	262095.859
42060	23545.1562	36073.0508	43293.5312	262070.516
42120	23558.2598	36042.9961	43307.25	262191.625
42180	23558.8164	36103.9063	43312.5859	262163.281
42240	23565.5547	36091.4375	43324.1914	262188.063
42300	23569.8965	36114.5508	43326.7891	262104.281
42360	23570.2988	36102.9023	43329.7227	262232.156
42420	23571.8477	36110.4531	43353.6797	262144.156
42480	23580.2422	36162.5313	43356.4492	261931.063
42540	23580.6445	36162.2031	43359.707	262116.594
42600	23587.0273	36177.0195	43392.418	262118.719
42660	23592.1328	36159.0625	43402.7891	262003.172
42720	23595.3965	36143.7031	43391.7461	262044
42780	23596.7852	36169.9023	43402.0898	262280
42840	23586.8125	36150.5703	43416.5859	262191.688
42900	23598.7754	36156.6992	43414.8906	262080.812
42960	23604.6094	36131.7695	43430.8516	262227.656
43020	23600.959	36156.7695	43444.3633	262149.813
43080	23611.4238	36161.7539	43447.4648	262032.141
43140	23611.7949	36169.7969	43445.4453	262040.172
43200	23617.0957	36150.0117	43458.0195	262239.813
43260	23606.4785	36164.6172	43466.1992	262030.938
43320	23621.1094	36157.3359	43477.9961	261952.094
43380	23620.4316	36180.0703	43477.5742	262356.438
43440	23617.8066	36179.3672	43491.0977	262285.531
43500	23628.3086	36190.7422	43489.5859	262231.188
43560	23624.0566	36206.0859	43504.4023	262338.094
43620	23625.1895	36160.5352	43505.6289	262355.687
43680	23626.1875	36172.4414	43501.1523	262252.219
43740	23640.1445	36176.5469	43501.5078	262288.406
43800	23630.5078	36152.5273	43524.5313	262243.906
